1111111111111011
0000000000011101
0000000001010010
1111111110111101
0000000001100101
1111111111110010
0000000000100000
1111111110010011
1111111111111000
1111111111011001
1111111111110101
1111111111111100
1111111101111000
0000000010100000
0000000000100101
1111111110000111
1111111111110100
1111111111011101
0000000001001111
0000000001110110
0000000001010111
1111111111100111
1111111111110100
1111111110110010
1111111111110000
1111111110011010
0000000000101001
1111111111110100
1111111111111000
1111111110001001
1111111111110001
1111111111100110
0000000000001011
1111111111011110
1111111111000111
1111111111010111
1111111111111010
0000000100100111
0000000000100111
1111111111110110
0000000000001101
1111111110110111
1111111110001000
1111111110111111
1111111111110011
1111111111111001
0000000010110011
0000000001001110
0000000000001000
1111111110101001
1111111111110010
1111111110001000
1111111111010111
1111111111111001
1111111111110011
1111111110010000
1111111100001100
1111111100011000
1111111110001000
1111111111111000
1111111101110001
1111111111111110
0000000010001010
1111111111000001
0000000001100010
0000001011101110
0000000000000111
1111111111011101
1111111111101111
1111111111100110
1111111101110100
0000000000011011
0000000000000100
1111111111111100
1111111111111010
0000000001010001
1111111111110010
1111111111111100
0000000000100010
0000000000010110
1111111111011000
1111111111110111
0000000010110100
0000000000101100
0000000000111101
1111111111011101
1111111111101101
0000000100000000
1111111111010101
1111111111101101
0000000000100010
0000000010111011
0000000000111010
1111111111011010
1111111101010100
0000000010101100
0000000001111111
1111111111101010
1111111111001101
1111111111101011
1111111111001000
0000000000101010
1111111111111010
1111111111101100
0000000000001100
1111111111101001
0000000000010111
1111111110011110
1111111111011101
1111111100101111
1111111111111001
1111111111110100
1111111101110001
1111111111111101
1111111111110111
0000000000010001
1111111110101100
0000000000111101
1111111111111010
1111111111101101
1111111111101011
1111111110010111
1111111100010100
0000000000011001
0000000000010111
0000000000010000
0000000001010101
1111111100110001
1111111110111001
1111111111100111
1111111011000101
0000010010001101
1111111111011000
1111111111000101
0000000011000111
1111111111101101
0000000011011101
0000001000100010
1111111110110000
0000000000111111
1111111111111110
1111111110110000
0000000000010000
0000000011001100
1111111110111101
1111111111000101
1111111111011011
1111111111100011
1111111110110010
1111111110100010
0000001000101110
0000001011101101
0000000100010010
0000000000011001
0000000000100001
1111111101001000
0000000000100101
1111111111110001
1111111111101100
0000000000001000
1111111111110011
1111111110011111
0000000010011001
1111111110000000
1111111110010011
1111111110000100
0000000000010101
0000000101000110
0000000001011000
0000000101110111
1111111111100110
1111111111000111
0000000000101100
1111111111111010
1111111111011001
0000000011010011
1111111010111111
1111111111101101
1111111110011001
0000000000011011
1111111110010000
1111111110101000
1111111111101000
0000000000001110
1111111111011101
1111111111111101
1111101000011101
1111111111110111
1111111101011001
0000000000111110
1111111111110101
1111111111110111
1111111110001011
0000000100100001
1111111001110011
1111111111101110
0000000010011111
1111111111111001
1111111111110000
1111111111000111
1111111111110101
1111111111010101
0000000010001010
0000000000100110
0000000000010101
1111111111111100
1111111111010011
1111111001011010
1111111111101001
0000001101100100
1111111111011010
0000000101110101
0000000001011011
0000000001011000
1111111110010111
1111111111010010
0000000000000010
1111111101010110
0000000000101100
0000000000001111
0000000010100100
1111111111110010
1111111110110000
0000000001011000
1111111111111001
1111111111101001
1111111110101110
1111111111110111
1111111111110011
1111111111011011
1111111111101111
0000000000111011
0000000000000101
1111111111111101
0000000000010111
0000000100100101
1111111111010101
1111111110111001
1111111110011101
0000000010110110
1111111101011100
0000000010001110
0000001001100100
0000000000011100
1111111110010010
1111111111000011
1111111110011101
1111111111101011
0000000001110110
0000000101011011
1111111111110011
1111111111110001
1111111111101111
0000000010110000
1111111111011101
0000000011011111
0000000010011101
0000000000011111
1111111111110001
1111111111001101
1111111111101010
1111111111110110
0000000000000100
0000000010110111
1111111111101110
0000000011100000
1111111111001001
1111111111101011
1111111111011000
1111111111111000
1111111111001101
1111111111110100
1111111111011100
1111111111100001
1111111111110101
1111111111111000
1111111111110011
1111111111000011
0000000000000111
0000000001001100
1111111110010101
1111111110000110
1111111111100110
0000000000000111
1111111111110110
1111111111100110
1111111110111001
1111111111001101
0000000000001001
1111111111010101
1111111110110000
0000000000001111
1111111011001001
1111111111110000
0000000000001001
1111111111110100
1111111111110110
1111111111111001
1111111111011010
0000000001110110
0000000000011010
1111111111101011
1111111110000000
1111111111101110
1111111111100110
1111111111110100
0000000110010001
0000000000110100
1111111111111100
0000000000100010
1111111111101111
1111111110110101
0000000000010001
1111111110101111
1111111111111010
1111111111101100
1111111111110000
0000000001000101
1111111111101100
1111111111110011
1111111111111010
1111111111100011
1111111111111100
1111111100101110
0000000101010111
1111111111101100
1111111111110101
1111111111111101
0000000001101100
1111111110110111
1111111111010011
1111111111001001
1111111111110010
1111111111011010
0000000011111011
1111111111110010
1111111101000111
1111111011011010
1111111111011010
1111111111100101
0000000111100000
1111111110100100
0000000001101101
1111111101111100
1111111111010111
1111111111100111
0000000111001000
1111111111000010
1111111111110110
1111111110000001
1111111111000001
0000000000001000
1111111011110111
1111111111110000
0000000000010101
1111111111111001
1111111110000001
1111111111110010
1111111101001100
1111111111010001
1111111111001010
1111111111000110
0000000000110111
1111111111110010
1111111110110101
1111111111101111
1111111111100101
0000000000101111
1111111110101100
1111111111110110
0000001100100100
1111111110111111
1111111111100010
0000000000010000
1111111111101000
1111111111111110
1111111101111110
1111111111011110
1111111110111100
1111111101000000
0000000001101101
1111111111110011
1111111110010101
0000000011101110
1111111111111101
1111111010101010
1111111111110100
1111111111011001
1111111111000110
1111111110000001
1111111111101000
1111111101111110
1111111111100101
1111111111110001
1111111110101000
1111111110110111
1111111111100101
1111111111100011
1111111111100110
1111111110111111
1111111110000100
1111111011101001
0000000001000011
1111111111011110
1111111111111110
0000000000000110
0000000011011001
1111111111111000
0000000011110010
1111111111101111
1111111111011011
1111111111111010
1111111111010100
0000000001100101
0000000000100111
1111111111100000
0000000000011100
0000000000000011
0000000001001001
1111111111010110
1111111111111001
1111111111111010
1111111111100101
0000000000010001
0000000010000111
0000000100101011
1111111111101011
1111111111111101
1111111111110001
1111111111101110
0000000000000011
1111111111110111
0000000000001110
1111111111011101
1111111111110010
1111111111101001
0000000000011001
1111111011011111
1111111111110111
1111111111111110
1111111111111011
1111111111001100
1111111111111000
0000000010101011
0000000001101011
1111110001111001
1111111111001011
1111111111111100
1111111111100001
1111111111011001
0000000000011001
1111111111110110
1111111011111101
0000000010010001
0000000001101000
1111111111110111
1111111111111010
0000000000001011
0000000000000110
1111111111111101
0000000001011000
1111111111011100
0000000010100000
1111111111000100
0000000001000101
1111111111011010
1111111111101111
0000000010111010
1111111110001100
0000000010101000
1111111111111100
0000000001011010
1111111110010001
1111111111011111
1111111101111000
0000000101010100
1111111111101101
0000000000000111
0000000010011111
1111111111001101
1111111110011010
0000000000001010
1111111101111000
1111111111101101
0000000000101001
1111111100000110
1111111111111101
1111111111101011
1111111111011011
1111111110000111
0000000001100100
1111111111011111
0000000000011011
1111111110110010
1111111111110010
0000000000000100
1111111111100000
0000000001001010
1111111111101111
1111111111111100
1111111111100100
0000000000110111
0000000000101100
1111111111111001
1111111111111110
1111110110010101
1111111111011000
1111111111110000
0000000000101110
0000000010000101
1111111111111100
1111111111011011
0000000001001011
1111111111101111
1111111110101100
0000000000000101
1111111111101111
1111111111111101
0000000010101111
1111111111000111
1111111111111001
0000000010010101
1111111111111101
1111111111110111
1111111111001110
1111111111101000
1111111111110000
1111110110110000
0000000001000110
1111111000011000
1111111111111110
1111111111101100
0000000001101110
1111111111111110
0000000000001100
1111111111110101
0000000001000010
0000000000111100
1111111111101111
0000000000010000
1111111111101111
1111111111110011
1111111111111010
1111111111111011
1111111111011110
0000000000010111
1111111111110011
1111111111011100
0000000100101101
1111111111100101
1111111111100000
0000000001010110
0000000000001101
0000000000001111
0000000010011111
1111111111101001
0000000000110001
1111111111101101
1111111111110111
1111111110100000
1111111110100010
1111111110010100
0000000001000101
1111111111100111
1111111110100111
1111111111110100
1111111111001111
0000001101010011
1111111111111011
1111111111110110
1111111111000000
1111111110110000
0000000000000011
0000000001001011
0000000101111111
1111111111111110
0000000000010011
1111111110001000
1111111111100110
1111111110011000
0000000000111000