0000000000011100
1111111111100000
0000000100110010
1111111110000101
1111111111110110
0000000101111111
0000000111100000
0000000000010111
0000000000000010
1111111011001011
0000000000100001
0000000011100111
1111111010000001
1111111111100010
0000000000001111
1111111111110101
0000001011100110
0000000000011101
1111111011001100
1111111111000011
0000000000010100
1111111111101010
1111111111010101
1111111011100100
1111111100000110
0000000000001001
0000000010110100
1111111111011011
1111111111011001
1111111110001100
1111111101111011
1111111101111101
0000000000101110
1111111110011111
1111111110000010
1111111110101100
1111111111111000
1111111100011000
1111111101100111
0000000000011011
1111111111001100
0000001110010001
1111111111001100
1111111111111011
0000000000111000
1111111011100001
0000000101000110
1111111101011010
1111111111110101
1111111111011100
0000010100110111
1111111111010110
1111111111110010
1111111111110001
1111111110111001
1111111111110011
1111111110111011
0000000011001000
1111111111010100
0000000000010111
1111111111011100
0000000010111100
0000000001000111
1111111110111011
1111101110000110
0000000100011110
0000000000000010
1111111111111001
1111111111110111
1111111101111010
0000000011001001
1111111111100011
1111111111111010
1111111111010001
0000000000010101
0000001000010011
0000000110001011
0000000110000001
1111111110010011
0000000000000110
1111111110011101
1111111111110000
1111111110110111
1111111111011101
0000000101000011
1111111111111001
0000000000110010
0000001001010110
0000000000110001
0000001110111110
1111111111111000
0001100010111011
1111111111101000
0000000000100011
1111111111110011
1111110111101010
1111111001000111
0000000010000010
1111111111111101
1111111110111010
0000000100001110
1111111110100000
0000000011101001
1111111111010010
1111111111101010
0000000000100100
0000000000111000
1111111111101000
0000001110110000
1111111110010110
0000000000110010
1111110010100100
1111111111000100
1111111111000001
1111111111110100
1111111110101011
1111111100101111
0000010000100001
1111111110010111
1111111111110110
1111111101101100
1111111101100110
1111111111101000
1111111111110001
0000000000110101
1111111111110011
1111111110101110
1111111011101010
1111111111111001
0000000010100111
1111111110110000
0000000000010101
1111111111110001
1111111111010010
1111111111111010
1111111110010110
1111111110111111
0000000110010001
0000000001000100
1111111111010011
1111111110011111
1111111111101110
1111111111111110
1111111110100101
1111111111101111
1111111110100010
1111111111011011
1111110110010000
0000000010100100
1111111111100110
1111111101100100
1111010100110010
0000000100111010
1111111110011011
1111111111111000
1111111101110011
1111111110001000
1111111010110000
0000000001011011
1111111101110111
1111111111010000
1111111111000110
0000000001001001
0000000101001111
1111111111111011
1111111111111011
0000000010001001
1111011100111101
0000001110010000
1111111111111000
1111111111110010
1111111111011010
0000000001000010
1111111010000011
1111111111100110
1111111111110011
1111111100011000
1111111111100001
1111111010000001
0000000001110000
0000010010010100
1111111101011000
1111111101111110
1111111101110001
1111111111110101
0000000000011101
0000000010001111
1111111111000001
0000000001011001
0000000111100011
1111111001111100
1111111110111011
0000001110111000
1111111101101111
0000000000011010
0000000000100101
0000000001101111
0000000001011011
1111111111110010
0000100000101110
1111111111011101
1111111111110010
1111111111110010
1111111101101111
1111111101101011
0000000000011101
1111111110110000
0000000011101101
1111111111110101
1111111110101000
0000000111011111
1111111111111110
1111111111001100
1111111111110100
1111111000111110
1111111100111101
1111111111101101
1111111111111010
0000000000000110
0000000001000100
1111111110111011
0000000001100110
1111110001100011
1111111111111110
1111111111111101
1111111110111101
1111111111000001
1111111111101010
1111111111000110
1111101000000111
0000000011001101
1111111110100001
1111111111100101
0000000000000100
1111111101111001
1111110100001010
1111111111000110
0000000011001100
0000000000100111
1111111011111101
0000000100010110
1111101111011010
0000000001001110
1111111111011110
0000000011100100
0000001001011010
0000000001001010
0000000000110011
1111111001011110
1111111110011001
1111111111011111
1111111011111101
0000000000110010
1111111101101111
1111111011111110
1111111110100011
0000000000011101
0000000000011111
1111111111000011
1111111110111100
1111111111101100
0000000000001011
1111111111100100
0000000000101001
0000000000011110
1111111110100111
1111111111010010
1111111111011010
1111111110010101
1111111000010010
0000000000001100
1111111111111010
1111111101001001
1111111011100001
0000000101100011
0000000000110111
1111111101000110
0000000100011101
0000000001011001
1111111111111011
1111111111111101
1111111111110001
0000000000111100
0000000100001001
1111111111111101
1111111111001100
1111111111101001
1111111111001111
1111111111101101
1111111110111101
1111111110101011
0000000000001010
0000000000011101
1111111011000111
0000000010001001
1111111110001011
0000000001100001
1111111111110110
1111111110000110
1111111111001010
1111111111100111
1111111110011111
1111111110010001
0000000010001000
1111111111111100
1111111111111010
1111111111011000
1111111101110000
1111111110100010
1111111111110001
0000000000001000
1111111011101110
1111111110001110
1111111111111100
1111111111011011
0000000110100001
1111111111100000
1111110110100001
1111111100101110
1111111111011000
0000000011100110
1111111110110111
1111111101010101
1111111110100011
0000000000100001
1111111101110110
1111111111001110
1111111111110101
1111111100000110
0000000001000110
1111111000000000
0000000000001111
1111111110111001
0000000000001011
1111111011011100
1111111111001010
1111111111001010
1111111110110100
1111111111000000
1111111110100000
0000000001110101
0000000011010001
1111111111011000
1111111111110001
1111111010100111
1111111111011010
1111111111101101
0000000001000100
1111110111110101
1111111111111011
0000000011100101
0000001010100001
1111111111011111
0000000000100100
1111111111000100
0000000000010101
0000000001010010
0000000001101011
1111111111010011
0000000001000001
1111111111111101
0000000010001000
0000000011010111
1111111111100000
1111111111111110
1111111111100100
0000000100011001
1111110110101000
1111111111100010
0000000100110111
1111111111111000
0000000010011100
1111111100011110
0000000010011000
1111111111000000
1111111111010010
1111111111011010
0000000001010000
1111111111110101
0000000000110011
1111111111000100
0000000001001110
0000000001101110
1111111111101110
1111111110001101
1111111001011011
1111101111011010
0000000001100011
1111111111111000
1111111111000101
1111111111111001
0000000100010011
1111111111111011
0000000001101111
0000000000001001
1111111110111000
1111111111100111
1111111101000100
1111111111001000
1111111110110010
1111111101111011
0000000100011000
1111111110111100
1111111110110101
0000000000010001
1111111111101101
1111111011010101
1111111111101111
0000000111101101
1111111110011101
0000000000111011
0000000010101011
0000000110000001
1111111111011001
0000010001011001
0000000000101111
0000000010111110
1111111100111011
1111111101111000
1111111100111011
1111111111110011
1111111111110111
1111111010000000
0000010100000101
1111111111101000
1111111111011000
0000000010010111
1111111111110011
1111111111111010
1111111111110010
1111110100111010
1111111111101110
1111111111101011
1111111111111000
0000000000100001
1111111111111011
0000000000110110
1111101011110011
1111111111111101
1111111110010001
1111111110000100
0000000000011001
1111111111101000
1111111111110011
0000000000000100
1111111111000011
1111111111101001
0000000000000110
1111111110000111
1111111111011101
0000011111011001
1111111110111000
1111111111101001
0000000000011010
0000001010001101
0000000011111001
0000000010100100
1111111111011000
1111111111000110
1111111111101111
0000000011010110
1111111101011011
1111111111110100
1111111010010101
0000000000001110
0000000001010010
0000000101001100
0000000010011110
0000000100011000
1111111111110011
0000000101101000
1111111011111100
1111111110010001
1111111110001011
1111111000011010
1111110010111011
0000000100101110
1111111101001111
0000000000010100
1111111101101010