1111111111011101
0000000001000001
0000000000001010
1111111111111010
0000001010000001
1111111111110101
1111111111001100
0000000100101111
0000000110000101
0000000000010100
1111111111110000
1111111111000100
1111111110111111
1111111111111000
1111111110100111
1111111111110101
0000000000001001
1111111111111011
0000000000010000
1111111110100110
1111111111110000
1111111111101100
0000000010011100
1111111111010000
0000000001001100
1111111111001011
0000000011010111
1111111111101111
1111111111111000
1111111110101100
1111111100110000
0000000000001010
1111111110101101
0000000000001100
1111111011100010
0000000000100000
0000000000111010
1111111111011111
0000000001111101
1111111110111000
0000000000001001
1111111110110100
1111111111101000
1111111110001011
1111111011000001
1111111111011100
1111111111110110
1111111110000100
1111111111110111
1111111111010100
1111111111101000
1111111111111001
1111111111000101
1111111111011011
1111111111011101
0000000010101110
1111111110011111
0000000000011001
1111111111111100
1111111101010011
1111111111111100
0000000000011101
0000000000110010
1111111111010001
1111111111000001
0000000000001001
1111111111111110
1111111111111010
1111111110011100
1111111110110111
1111111111001110
1111111111101010
1111111111101101
1111111111100100
1111111111000010
1111111110100100
1111111101001110
1111111111010100
1111111111001001
1111111111100011
0000000000101001
1111111111010111
1111111111100010
1111111111111110
1111111110110011
1111111111011000
1111111111010110
1111111110011100
1111111111111000
0000010110011100
0000000010110001
1111111101001010
1111111101111110
0000000000111100
1111111111111010
1111111111110000
0000000000010101
0000000000001011
1111111111010010
1111111111111010
1111111111010101
1111111111111001
0000000000110010
1111111110101011
1111111101010001
1111111111010110
1111111111101001
0000000011010100
0000000001001111
1111111110010011
1111111111011101
0000000111110000
1111111111110001
1111111011110001
1111111101010001
1111111110011000
1111111101110111
1111111100011100
1111111111101000
1111111110111001
0000000001100110
0000000000100110
1111111111010010
0000000000010100
0000000000100000
0000000001110010
0000000101010111
1111111110111000
1111111111010101
0000000000010110
0000000000101101
1111111111111010
0000000000001001
1111111111010010
1111111111001000
0000000010000100
1111111100011101
1111111111110100
1111111111110011
0000000000110111
0000000011100010
0000000000001010
0000000000110110
0000000001101111
1111111111101101
0000000010111110
1111111110100110
1111111111001100
1111111111010011
0000000011111100
1111111111011011
1111111111101010
1111111110111001
1111111100111101
1111111111110100
1111111100001110
1111111111001101
0000000011100010
1111111100100100
1111111110001011
0000001011110010
1111111111101000
1111111111011100
0000000100011010
1111111110001111
1111111111111010
1111111110100111
1111111111111100
1111111110101000
1111111100101010
1111111111100011
1111111110101111
1111111110101000
0000000000100011
1111111111100001
0000000001010010
0000000001000101
1111111110101010
1111111110011110
1111111111011110
0000000010000010
1111111111110101
1111111111000111
1111111111001000
0000000001010000
0000000100111010
1111111110111010
1111111111110100
0000000001101001
1111111111000010
0000000001010011
0000000000010101
0000000000001011
1111111111101011
0000000000011000
1111111110100110
1111111110000111
1111111111101011
0000000000001000
0000000000111011
1111111111111000
0000000000100000
1111111110100000
0000000000011100
1111111111100011
1111111110110011
0000000000001111
0000000000001100
1111111110011111
1111111111110100
1111111111111101
0000000001011111
1111111110111100
1111111111100101
0000000000000011
1111111111110010
0000000001000000
1111111111111101
1111100011010111
1111111111111001
1111111111110100
1111111110010100
1111111111110111
0000000001001100
1111111100110100
0000000001001010
1111111111011101
0000000000111101
1111111111110010
0000000000000011
1111111111111010
0000000000010110
1111111111110110
1111111111111010
1111111110011011
0000000010110101
0000000000001110
1111111111101111
0000000001101111
0000000000000100
1111111111101011
1111111000100100
1111111111101111
1111111111101101
1111111111000111
1111111101011110
0000000000011100
1111111110100001
1111111110111001
1111111111110110
1111111111110101
0000000000101010
0000000011001001
1111111111010100
0000000001000111
1111111111111000
1111111111101111
1111111111111001
1111111101011010
0000000000011110
1111111111110110
0000000000100110
1111111111001101
0000000000001001
0000000010010011
1111111100110010
0000000001101010
1111111100100111
1111111111111100
0000000001010111
0000000011100101
1111111111010101
0000000001111011
0000001100111000
1111111111001010
0000000000101110
0000000001111101
1111111101011010
1111111111111011
1111111111111011
1111111111110000
1111111111110110
1111111111110110
0000000100011110
1111111110110110
1111111111100110
1111111110101001
0000000001101111
1111111110011111
1111111110111101
1111111111100111
0000000000100110
0000000010011110
1111111111101001
0000000000001011
1111111110101100
1111111111010000
1111111111111100
0000000001000010
1111111111110101
0000000000010010
1111111111100111
1111111111110000
1111111111011100
1111111111001000
1111111111110110
1111111111100110
1111111111010101
0000000010010010
1111111111110101
0000000000011011
0000011001101001
0000000001000110
1111111111110010
0000000000110101
1111110100000111
0000000110111100
1111111111101101
0000000000101010
1111111111111100
1111111110000100
1111111111100010
1111111111011000
0000000100100001
1111111101101101
1111111111101011
1111111111000011
1111111111100101
1111111110110000
1111111110110001
1111111111110010
0000000000101110
1111111111000001
1111111101010000
1111111111110001
1111111111110111
0000000000011110
1111111111011101
1111111111110100
1111111111111100
1111111111110010
1111111111000100
0000000011100110
1111111111111101
1111111111100100
1111111101010000
0000000001001001
0000000001000000
1111111111111010
1111111111111001
0000000011001001
0000000001001010
1111111111000010
0000000000100010
0000000010100011
1111111111110010
0000010001000001
1111111110000001
0000000011010001
0000000011011100
1111111110010100
0000000000110011
0000000000001101
1111111111001010
1111111111110110
0000000000110011
0000000000001010
0000000010000111
0000000000000010
0000000000100011
1111111111110100
1111111111100000
1111111101011010
1111111111001111
1111111111100100
1111111111011010
1111111111110100
1111111100001101
1111111111101010
0000010111010111
1111111111000111
0000000001000010
0000000000001000
0000000000000100
0000000000000111
1111111111000000
1111111111101010
0000000001011101
1111111111100000
1111111111110100
0000000010100001
0000000001010010
1111111110101101
0000000000101000
1111111110111100
1111111110111001
1111111111110110
0000000000011000
1111111110110101
1111111111001010
1111111111111110
1111111111110111
1111111111111001
1111111111011010
1111111111101100
1111111111011111
1111111111101001
1111111111111101
0000001000110111
1111111101111001
1111111111011100
1111111111110111
1111111101100101
0000000000011010
1111111101100011
1111111111010111
1111111110100011
1111111111111101
1111111111110011
1111111111101001
1111111110100010
1111111111101100
1111111110101101
1111111111111011
0000000000101001
1111111111001101
1111111111010110
1111111101011110
1111111111001011
0000000000110111
1111111111101000
1111111111110110
0000000000111001
1111111110111111
1111111111010101
1111111101010101
0000000000001110
1111111111110000
1111111111110111
1111111111010010
1111111111000011
1111111111100011
1111111111001010
1111111111011101
1111111101111100
0000000000001111
1111111110011010
1111111111111110
0000000101000111
1111111111110110
0000011100011001
1111111011101011
1111111111100110
1111111010000111
1111111110110010
1111111110110110
1111111111110100
1111111111100000
0000000001010101
1111111111101100
1111111110000100
0000000000100110
1111111111111100
1111111110011101
1111111111101001
0000000000000010
1111111111101010
0000000000010101
0000000000100101
1111111110101101
1111111100101010
1111111111110101
0000000011001110
1111111111011100
1111111111000100
1111111111011011
0000000000110010
0000000011111010
0000000001000110
1111111111110111
1111111101100001
1111111111110010
0000000010001110
0000000001001101
0000000000111111
1111111111100000
1111111110100100
1111111111100000
0000000000001010
1111111101100001
1111111101000111
0000000000011001
1111111111111000
1111111111101101
0000000000001111
0000000000111010
1111111101110001
0000000000000111
0000000110110111
1111111000000101
0000000010000010
1111111110001010
1111111111110011
0000010011001100
0000000000101001
1111111110110100
1111111110001011
1111111111111010
0000000000011001
1111111111101101
1111111011100100
0000000001100011
1111111111101001
0000000010100011
1111111111100001
1111111110011101
1111111111001010
0000000000001010
0000000010011101
1111111111111100
1111111111001111
1111111110100101
1111111110101000
1111111111111011
0000000001011110
1111111111110010
1111111111001110
1111111111000111
1111111110100010
1111111111110101
1111111111111010
1111111111010101
1111111111011110
0000000000001010
1111111111111001
1111111111100101
0000000000000010
1111111111110110
1111111111000101
0000000100011001
1111111111101001
1111111011000010
0000000000001011
1111111110100101
1111111111000101
1111111111111100
0000000001011010
1111111111110000
0000000000010011
1111111101111111
0000000001111111
0000000000100001
0000000000001011
1111111111101010
1111111100110000
1111111110101111
1111111111111110
1111111111110100
1111111111111101
1111111101111101
1111111111001001
1111111111010110
1111111111010010
1111111110010100
0000000001110010
0000000000111110
1111111111010101
1111111110101101
1111111101110010
1111111111100010
1111111110101010
1111111110010001
1111111110111001
0000000011111000
1111111111110111
0000000000111111
1111111111100000
1111111111110000
0000000000010111
0000000010101011
1111111110100110
1111111110111000
1111111011110110
1111111111101111
1111111111010111
1111111111111011
1111111110100101
1111111111111000
1111111111101100
1111111101010000
1111111110010011
0000000000110010
0000000000000110
1111111111111101
1111111101101100
1111111110101100
1111111110101011
1111111110111000
1111111111100110
1111111111001010
1111111111111010
1111111110001101
0000000000000101
0000000010111011
1111111111100100
1111111110111100
1111111111000100
1111111111110110
1111111110111011
0000000111111100
1111111110101110
1111111111111000
1111111101111111
1111111111101110
1111111010101010
1111111110110110
0000000000001001
1111111101111011
1111111111111000
1111111111111110
1111111111111100
1111111111001011
1111111111111101
0000000000001000
1111111111100011
1111111111111000
1111111111001100
1111111111110101
0000000000100011
1111111111110111
0000000000110100
1111111111011000
0000000000011111
1111111110110111
1111111111000110
1111111110001100
1111111111101100
1111111111111011
0000000000010100
1111111111111101
1111111111100011
1111111111101001
1111110111010010
1111111111101000
1111111111001101
0000000000101011
1111111111110000
1111111111111100
1111111101101010
0000000100100111
1111111111111011
0000000010000011
1111111111010100
1111111111000010
0000000000010001
0000000001110001
0000000001110001
1111111101100100
1111111111001000
1111111111111101
1111111111001111
1111111111010011
1111111111111011
1111111110111110
0000000000100011
1111111111011010
0000000010001001
1111111111111011
1111111100110110
0000000010100010
1111111111010101
0000000000001101
1111111111110110
1111111111111100
0000000111010010
1111111111101110
1111111111100101
1111111111010000
1111111111000001
1111111111110011
0000001011000010
0000000000000110
1111111100101101
0000000010000000
1111111111000000
1111111111111010
1111111111111011
0000001010111000
0000000101110000
1111111111111110
0000000101101011
1111111111100001
0000000000100111
0000000000000010
1111111111101010
1111111111100000
1111111111010110
1111111111100111
1111111111011000
1111111111001011
1111111111110011
0000000001111001
1111111111101110
1111111111110010
1111111110001000
1111111101110111
1111111111100010
0000000000010010
0000000000110100
0000000001000111
1111111111001010
0000000001101111
1111111110000111
1111111111111000
0000000010110111
1111111111111001
1111111111110111
1111111111100001
1111111111110111
1111111111011111
0000000000101010
1111111111110010
1111111111111011
1111111100001001
1111111111000100
1111111111111101
0000000001100111
1111111101111000
0000000010011110
1111111111001111
0000000001011100
0000000000000010
1111111111100110
1111111110110010
1111111111101110
1111111101101011
0000000010111011
0000000000000011
1111111111111000
0000000000101111
1111111111101001
1111111101101011
1111111111111001
1111111111011110
0000000000011011
0000000001100100
1111111111110000
1111111111000000
0000000001111101
1111111111111101
1111111010110011