1111111111100001
1111111011111101
1111111111010000
1111111110100111
1111111111011000
1111111111111000
1111111100000011
1111111111000000
1111111111101101
1111111001010110
1111111111110000
0000000100000101
1111111111111110
1111111111101001
1111111111100001
1111111111000000
1111111011110111
1111111111111011
1111111111110101
1111111111011001
0000000000011110
0000000000101100
0000000000111001
1111111111110001
0000000010010110
1111111101111111
1111111111011100
1111111111101010
1111111111011011
1111111011111100
1111111100100101
1111111111101101
1111111111110010
1111111100100101
0000000011100101
1111111111101101
1111111110100100
1111111110101101
1111111110110000
0000000000011101
1111111111000011
1111111111110010
1111111111111110
0000000000100010
0000000010010110
1111111111110100
1111111111011100
0000000000011000
1111111111110101
0000000100110000
1111111111101001
1111111101101000
0000000000011000
1111111111101101
1111111101101111
0000000000001110
0000000001010100
1111111111111001
1111111111001010
1111111110101011
1111111111111100
0000000001000010
1111111111111001
1111111111100000
0000000000110111
1111111111001111
1111111111010101
1111111011101101
0000000000000011
0000000000011101
0000000000101101
1111111111000001
0000000001110101
1111111110101110
0000000101010001
1111111111110101
0000000001110101
1111111111111011
0000000000010111
0000000001011010
1111111111010111
0000000000001000
0000000000001011
1111111111100011
1111111011111001
1111111110001101
1111111111011000
0000000000001010
1111111110111110
0000000100010011
1111111110010101
1111111101110010
1111111111110010
1111111111101010
0000000000100100
0000000100011001
0000000001101110
0000000000001110
1111111110100010
0000000110011010
1111111110110001
1111111111001011
0000000101010001
0000000000000011
0000000011000011
1111111101111000
1111111111011101
1111111111101111
0000000100111100
0000011101010001
1111111111101100
0000000000011111
0000000001011110
1111111111101010
1111111010010001
1111111111011011
1111111000111001
1111111111110101
0000000011101011
0000000010100001
0000000001001100
0000000000111100
0000000000111100
1111111111111101
1111111101111001
0000000100001100
1111111000111101
1111111110000011
0000000000100110
1111111100111111
0000000000100110
0000000000110011
1111111111111110
1111111110011111
1111111011101101
1111111101011011
1111111110110000
0000000011010101
1111111101100111
1111111100111111
0000000000110100
1111111111110111
1111111111110100
1111111111010100
0000001000101100
0000001100011001
1111111110011001
1111111101111011
1111111111001110
1111111111110000
1111111111101000
1111111111101111
1111111110111001
1111111110010001
1111111111101111
1111111111010001
0000000011110101
1111111111011001
1111111111101111
1111110011001101
1111111111000101
1111111111111010
0000000101010011
0000000011001001
1111111111101010
1111111110001110
0000000000101111
0000000001111111
1111111111011000
0000000000010101
0000000001000101
0000000000001101
0000000000011100
1111111110110011
1111111110111101
1111111111111010
1111111111000100
1111111010000100
1111111011010111
1111111111000100
1111111111110010
1111111111101001
1111111111111100
1111110101111101
0000001000011010
0000001100001110
0000000001000011
1111111101111110
1111111111110110
1111011110001010
1111111110101111
1111111111101011
0000000010111001
0000000000010011
1111111111111010
1111111111111110
1111111110011000
1111111111101100
1111111111111101
1111111110001100
1111111110100011
0000000001101111
1111111111101110
1111111111010110
1111111111110111
1111111100100100
1111111110000111
1111111111111100
1111111101100100
0000000100111011
0000000000001110
1111111111001001
0000000000000110
1111111111011110
1111111111111101
1111111111000000
1111111111111011
1111111111101111
1111110010000111
1111111110100101
1111111111011000
0000000000000110
1111111111111001
1111111111111100
0000000110011001
1111111111110011
1111111111110111
1111111111000011
1111111111101111
1111111111010100
1111111111100000
1111111111111010
1111111111011001
0000000000001010
1111111111100101
1111111110101010
0000000000101001
0000001001100011
0000000000110101
1111111111111100
1111111110010101
1111111111111110
1111111111111110
1111111111110110
0000000100000010
1111111111111101
0000000011011110
0000000000111000
0000000000001010
0000000001010000
0000000111111010
1111111111000001
1111111110110100
1111111111000001
1111111110100111
1111111111100011
1111111111111100
1111111111010110
1111111111100100
1111111111000010
1111111111011001
1111111111111101
1111111111011110
0000000000111100
1111111111001000
0000000001011011
0000000000110000
1111111111100011
0000000001110101
0000000010100010
1111111110010000
0000000000000101
0000000110100111
0000000000110111
0000000000001010
1111111111001100
1111111111110101
1111111111101011
0000000000011101
0000000000010110
1111111111011011
0000000000001111
1111111111101110
1111111111011011
1111111111010100
1111111101101001
1111111111111100
1111111111111001
1111111111110111
1111111111101111
0000000000100110
1111111111101100
0000000100010010
1111111111111110
0000000001011010
1111111111110110
1111111110110000
0000000000000100
1111111111110110
1111111001010001
0000000000110101
1111111011111010
1111111111111100
1111111111100110
1111111111111011
1111111111001110
0000000101100101
1111111111100111
1111111110000111
1111111110011111
0000000000011010
0000000000011111
1111111110100111
0000000000001100
1111111111101010
0000000001111011
1111111111101001
1111111111101111
1111110000111110
1111111110110011
0000000000010100
0000000100001001
1111111111001100
1111111110111000
1111111111111100
1111111111101010
1111111111111011
1111111111010010
1111111011011111
1111111111110101
1111111111001010
0000000001011111
0000001100101011
1111111111111011
1111111010110000
1111111111101101
0000000000110010
1111111111111010
0000000010110111
1111111111110000
1111111110111000
1111111101011011
1111111110111001
0000000011101000
0000000000100101
1111111111011010
0000000000011001
1111111111011010
0000000000010110
1111111111101010
0000000000010010
1111111110111101
1111111101111001
1111111110000010
1111111111100111
1111111111111001
0000001010001110
0000000001101001
1111111111001000
0000000001001100
0000000010010001
1111111111100000
1111111111011011
1111111111001001
0000000010101110
1111111111000010
1111111111100010
1111111111010110
1111111111111100
1111111111010000
1111111110010111
0000000000001000
0000000000010100
1111111111101100
1111111111100111
1111111111100110
1111111110000011
1111111100001101
1111111111110100
0000000000010111
1111111011011101
1111111110011100
1111111111000011
1111111111110001
1111111111111110
1111111111010011
0000000110100110
1111111111110011
1111111111100010
1111111111100101
1111111111001010
1111111111110110
0000000000100010
1111111111010111
1111111110000011
0000000001001010
0000000000011001
0000000001111011
1111111110111110
1111111110101111
1111111110000010
1111111111111011
1111111111100100
1111111111111101
0000000000001010
1111111110111000
1111111110001111
0000000000111010
1111111001101101
1111111111100001
0000000111011011
0000000000100010
1111111111110100
0000000000000111
1111111011000001
1111111111110000
0000101010101011
1111111110110001
1111111111111110
1111111111100001
0000000000011101
1111111111010100
1111111110010110
0000000000000111
1111111111010100
0000000001000101
0000000001110110
1111111111101000
1111111111110101
0000000000111000
1111111110100111
1111111110111011
0000000000100111
1111111111110111
1111111111010100
1111111111111011
0000000011010110
1111111111101111
1111111111110000
0000000000011010
1111111111010100
0000000001110100
1111111101101101
0000000001100100
1111111111100101
1111111111111000
1111111110011110
1111111111010000
0000000001000111
1111111011001110
1111111110100010
1111111111111011
0000000000100100
1111111111010011
1111111111011011
1111111111001000
1111111110100101
0000000000010100
1111111111100011
1111111111001011
0000000010100010
1111111111111010
0000000100100001
1111111110111110
0000000000011001
1111111110111101
1111111111001000
1111111111111101
1111111111111101
0000101011110011
1111111111101000
0000001011001001
1111111111001010
0000000111100001
0000000000010111
0000000000010101
0000000000000011
1111111111100111
1111111111111100
1111111110100001
1111111111101101
1111111111110011
1111111110010111
0000000000100000
1111111111010010
1111111111010010
0000000011000101
1111111111111011
0000000000101100
1111111111110100
0000000010001101
0000000000111000
0000000001111011
1111111110111000
1111111100101101
1111111111111101
0000000000010100
0000000100000001
1111111100101011
0000000000101010
1111111110100010
1111111110100010
1111111111101111
0000000111011111
1111111111100110
0000001111101010
0000000000011010
1111111111000111
1111111111011101
1111111111000111
0000000000001100
1111111110010111
1111111111101011
1111111111100011
1111111111110010
0000000000001010
0000010000011111
0000000000100001
1111111111100010
1111111111101101
1111111111111010
1111111111011101
1111111011011011
1111111111011010
0000000000001110
1111111110110101
0000000001011010
0000000000001000
1111111111101001
0000000000101010
0000000000000010
1111111110100100
1111111111110010
0000000011111010
0000001011110011
1111111011100001
1111111110100001
1111111111100100
0000000001101100
1111111101110111
1111111110000001
1111111111010000
0000000010110101
0000000001110100
1111111010101110
1111111110100001
1111111111000101
0000000001000100
1111111111110001
1111111111110000
1111111110101110
1111111011101111
1111111111100111
1111111000001001
1111111111001110
1111111111110000
1111111110100111
1111111111111010
1111111101101010
0000000001101101
1111111111001000
0000000000001001
1111111111100100
1111111111110100
0000000000110011
1111111111001000
1111111111001111
1111111101111001
1111111001111110
1111111111100011
1111111001001011
1111111101110011
1111111111110010
1111111111110111
0000000001110101
1111111010111011
1111111111100011
1111111110010100
1111111111100100
1111111110111100
1111111111110001
0000000011010010
1111111111110010
1111111111011110
0000000000001000
1111111111011011
0000000101001110
1111111101100000
1111111111110100
1111111111101011
1111111111111100
1111111111100001
1111111110101000
1111111111010000
1111111111110011
1111111111011011
1111111110001000
0000000000001111
1111111111000011
1111111111110110
1111111111010111
0000000000011001
0000000100000100
1111111111100100
1111111110101011
1111111111100010
1111111111100101
1111111111110001
0000000000111100
1111111111101111
1111111111111101
0000000001001000
1111111111110101
1111111111101110
1111111101000101
0000000000001111
1111111110100001
1111111111100101
1111111111110100
0000000000011011
1111111111111000
0000000000011100
1111111111011111
1111111111110101
1111111110011111
1111111011100011
1111111111101101
0000000000101010
1111111001111100
1111111111101100
1111111111101111
1111111111111100