0000000000110101
1111111111111000
1111111111110110
0000001111100010
1111111110101011
1111110111100110
1111111111101100
1111111111111011
1111111111111000
1111111111101101
1111111110011100
1111111111010110
0000000000011000
0000000001000111
1111111011110001
0000000001101001
1111111101100000
1111111111111011
0000000101101111
1111111111110011
1111111111101101
0000000000000101
1111111110110000
0000000010100001
0000000001000101
1111111111110100
0000000001000101
1111111110100010
1111111111100001
1111111110110111
1111111110101000
1111111111001100
0000001000000000
1111111110100000
1111111111111000
1111111111110111
1111111101101110
0000000111110011
1111111101110100
1111111110100001
1111111101000110
0000000111010000
1111111111110010
0000000000101101
1111111111001111
0000000010110011
1111111111110111
0000001011011001
0000000111100010
1111111111100010
1111111110100001
1111111111100000
1111111110101101
1111111111101010
1111111111101001
1111111110001111
1111111111110110
0000000000001011
0000000011010010
0000000100111011
1111111100111110
0000000011100101
1111111110100001
0000000011111011
0000000101010000
1111111111111101
1111111111111001
1111110100100001
0000000001110100
0000001010011000
1111111111111101
0000000100000001
0000000111011111
1111111111010101
1111110110000110
1111111111010010
0000000000111110
0000000000010011
1111111111101111
1111111111011100
0000000000000011
1111111110100111
1111111111110111
0000000010001011
1111111011100011
1111111101010101
1111111101010111
1111111110110101
0000000000001000
1111111111101011
1111111101100000
1111111101111101
1111111111010110
0000010110101001
1111110110110000
1111111111001101
1111111111110010
1111111010000101
1111111111111001
0000000011001101
0000000011100110
1111111010101101
1111111101110111
0000000010001111
1111111001011111
1111111100011101
0000001011110010
1111111111000001
1111111111001100
0000000001000010
1111111111000000
1111111111100011
1111111101101100
1111111101100111
0000000010000111
1111111110000010
0000000101001000
1111111110111100
1111110010110001
1111111111010101
1111111011111001
1111111111110011
0000000001010110
1111111111100101
0000000101010011
1111111111101110
0000000001101100
1111111111111100
1111111111001110
1111111111110010
1111111011100101
1111111111011111
1111111111011010
0000001001001011
1111110011011110
1111000001111001
0000000001010001
0000000000011110
1111111111111011
1111111111111100
1111111110111000
0000001000011110
1111111110110000
0000000000001001
0000000110011010
1111111110111111
1111111110100110
0000000011000111
1111111111100101
1111111101001101
0000000010011100
0000000001000101
0000000001110100
1111111110110101
1111111111110001
1111111011011011
1111111111101100
1111110001111010
1111111101110100
1111111111100001
1111111100101000
1111111111001110
1111111011001000
1111111111101111
0000000000010001
1111111010111000
0000000100111011
0000000010001101
1111111111101001
1111111111010011
0000000010011110
1111111101110010
1111111111101101
1111111111110111
1111111101111110
0000000001110001
0000000011000111
0000000001010011
1111111110010110
1111111110110000
1111111111111000
1111111110011110
1111111111010101
1111110101010100
1111111111110111
1111111111111110
1111111110110001
1111111010001001
1111111111000010
1111111100111000
1111111111101001
1111111101001100
0000010110111111
1111111111010001
0000010101100111
1111111110100111
0000000111011010
0000000110100100
1111111111001001
1111111111110011
1111111111110000
1111111111110011
1111111111110100
0000000000110011
1111111111011110
1111111111111001
1111111010010011
1111111111010111
0000000000110001
0000000011111101
1111111111000011
0000000110101110
1111111110111111
0000000100010111
1111111111110110
1111111101110101
1111111111111001
1111111111000010
1111111111111101
1111111110100011
1111111111111101
0000001000111010
1111111111100010
1111111110111100
1111111011000110
1111111110011001
1111111101111111
1111111011001010
0000000000011010
1111111111011010
1111111110100010
1111111110111100
0000000000000011
1111111111111011
0000000001011011
0000000001011101
1111111111101010
1111111101000100
1111111111001010
1111111110100111
0000000001100010
0000000000000111
0000000011000011
1111111111001100
1111111111110111
1111111111110110
1111111111011001
0000000010100000
1111111111111100
1111111111111011
0000000010000111
1111111111111100
1111111111110110
1111111111100101
1111111100010111
1111111100010011
0000010100010110
1111111111111001
0000000000000101
1111111101111100
1111111111100100
1111111111000110
1111111111001100
1111111100111111
1111111110011111
1111111011110010
0000000010111100
1111111110000101
1111111110101110
1111110101100011
0000010001111001
1111111110001000
0000000010100001
1111111111000101
1111111111111001
1111111111101001
1111111111101001
0000001001001011
0000000001011011
0000000000111000
0000000000100111
0000000011000111
1111110101001110
1111111111110000
0000000001000100
1111111111111010
1111111111110101
1111111100011010
1111111101111101
0000000000100000
0000001001100101
0000000000001000
1111111111100010
0000000000001001
0000000100000101
0000000011011110
1111111111101111
0000000001101110
1111111111111110
0000000001100110
0000000010100110
1111111111101110
0000000000000110
1111111111010111
0000000001100010
1111111110000110
1111111111111010
1111111111101011
1111111111100111
1111111111110001
1111111111101010
1111111111110100
1111111110001110
1111111110010010
1111111111011011
0000000000110100
1111111111100010
1111111011001001
1111111110101101
0000000000010000
1111111111011111
1111111110100100
1111111110010110
1111111110111101
1111111111101100
1111111101111001
1111111111111001
1111111111101110
1111111111010011
1111111111100010
1111111111110110
1111111111111010
0000000000101010
1111111111100111
1111111101110010
1111111101111101
1111111110011100
1111111110101100
1111111110110111
1111111110011110
1111111001110111
1111111111001001
1111111111001100
1111111111111011
0000000100100000
0000000010001110
1111111110100010
1111111110101011
1111110000111001
0000000000110111
1111111111111010
1111111110011001
1111111101010001
0000000001111010
1111111111110001
1111111111100001
0000000111011001
1111111110000111
1111111111101110
1111111111110000
1111111111010101
1111111111101111
1111111111110000
1111110111110111
0000000000110101
1111111111101110
1111111111110000
1111111111011000
1111111111110100
0000000010101011
1111111110001101
1111111101000111
1111111111000100
1111111111110101
0000000101010100
1111111111110100
1111111111011010
1111111110111110
1111111100010001
0000000101010010
1111111110011101
0000001001100011
1111111111111101
0000000011011101
0000101111001001
1111111110011010
1111111111011101
1111111101100000
1111111111110011
0000000000000011
1111111101110001
0000000000110001
1111111111110100
1111111110011000
1111111111100001
1111111111111110
1111111100111011
1111111111110000
1111110001100110
0000010110000001
0000000110010110
0000000000101011
1111111110001010
1111111111011111
1111111110111011
1111111111101101
0000000010011111
1111111111111101
1111111111011111
1111111111111010
0000000000001001
0000000001011101
1111111111000001
1111111000101000
1111111111011111
1111111111110111
1111111111110001
1111111111001110
0000000110100100
0000000001000101
1111111011100001
0000001011100100
1111111111010110
0000000000000100
1111111111111110
1111111110000101
1111111011011010
0000000001001010
1111111111011000
0000000001110101
1111111111101010
1111111101101111