1111111111011010
1111111111100000
1111111111110111
1111111010111000
1111111010101101
1111111111111011
1111111111111110
1111111101100101
1111111111110101
1111111111101011
0000000000110100
0000000001100111
0000000001010111
0000001000101100
1111111111010110
1111111111111000
1111111111110110
0000000001100011
0000010011010100
0000001110000111
1111111110100001
0000001101101101
1111111111011010
1111111110111011
1111111111111001
0000000000000110
0000000000101010
1111111111110011
1111111011110110
0000000010000010
1111111111110001
0000000000010111
1111111110101101
0000000011100111
1111111100101011
0000000000001000
1111111101011011
1111111110101110
1111111100001000
0000000110110111
1111111111000101
1111111101100110
1111111100010111
0000000000010010
1111111110100000
1111111111000111
0000000001011000
1111111111111110
0000000001001111
1111111111100110
1111111110110101
1111111111101000
1111111110001011
0000000000000011
1111111111101111
1111111110111111
1111111110101010
1111111110000010
1111111111111010
1111111111011001
0000000000001010
1111111111000010
1111111111110001
0000000001101001
1111111111111010
1111111111101001
0000000000111010
1111111101111101
1111111000001001
0000000010101011
1111111110101110
1111111111000010
0000000000110110
0000000100011111
0000000001110101
1111111111111001
1111111111001011
1111111111000011
1111111110100000
0000000000000100
1111111110111011
1111111101110001
1111111100111010
0000000000000101
0000000000101111
1111111111111000
1111111110011110
0000000001111101
0000000000111001
0000000011001100
1111111110010110
1111111111000101
1111111111101111
1111111111011101
1111111111000011
1111111100111101
1111111111101011
0000000001100100
1111111111101110
0000000111001110
1111111100101011
1111111110010000
1111111111110110
0000000000000110
1111111111100010
1111111111110010
1111111111111010
0000000000101010
1111111111110011
1111111110000010
0000000000110010
0000000100111011
0000000100000100
1111111111001011
0000000010011001
0000011001101101
1111111111101001
1111111111110001
1111111111001110
0000011110010110
1111111110000011
0000000000011110
0000000110000110
1111111110010010
1111111110001001
0000000010011110
1111111111011010
1111111111100001
0000000000101101
1111111111100100
0000000000100000
1111111111101001
1111111100111110
1111111111101111
1111111110100100
1111111111110000
0000000111100001
1111111111000010
1111111110011011
1111111111100011
1111111010010011
1111111100100011
0000000000001100
1111111100011100
1111111111011010
0000000000101100
1111111110101101
0000000001000110
0000000001100101
1111111111111010
1111111111100010
1111111101011101
1111111111101100
1111111110111111
1111111111101001
0000000000001100
1111111111111110
0000000110110110
1111111111110101
0000000001011011
1111111101100111
1111111111111100
1111111110111100
0000000000001000
0000001000010000
1110110101101001
1111111111111010
1111111111000101
0000000000011010
0000000000000101
0000000000001000
0000000011001101
0000000011000100
0000000110011011
1111111111110101
0000000000001011
1111111110111001
0000000000110101
0000000010010010
0000000001000000
1111111111010110
1111110111000100
1111111111010100
1111111111111100
0000000001011000
0000000000110101
0000000000100011
1111111111110110
1111111111110100
0000000000100011
1111111111101111
1111111111100001
0000000000001000
1111111110011010
1111111111101011
1111111101101010
1111111111101101
1111111111001011
1111111110011110
1111111100110111
1111111111110111
1111111111101001
1111111101100110
1111111100111110
1111111111110001
1111111111010100
1111111111101010
1111111111011001
1111111111100001
0000000010101011
1111111100011011
1111111111100110
1111111111101001
1111111111101101
1111111011010110
1111111111011110
1111111111110000
1111111111100000
1111111110001111
1111111111100101
0000000011100101
1111111111111100
1111111110001110
1111111111100010
0000000100100110
0000000010100110
1111111111010000
1111111111010100
1111111111010100
1111111101111010
1111111111100110
1111111111111101
0000000010010111
0000000000001011
0000000000110101
0000000001000011
0000000011101100
1111111111110110
0000000000001000
1111111111010111
0000000011101011
1111111111110000
0000000001001011
1111111111000100
1111111111000111
0000000010010000
1111111110110011
1111111111110011
1111111111001011
0000000001001000
0000000010000000
1111111000101001
0000001001011100
1111111100010010
1111111111111101
1111111111101100
1111111111100000
0000000000110001
0000000000000111
1111111111111100
0000000000011100
1111111111000001
0000000000010010
1111111110101101
1111111111111110
1111111011010101
1111111111111101
0000000001010110
0000000101101101
1111111110011010
1111111110110010
0000000000001001
1111111111011011
1111111111101101
1111111110011010
0000000000111100
0000000001011100
1111111110101111
1111111111111101
1111111111000101
1111111111010010
1111111111101111
0000000000101100
0000000001000011
1111111110100111
1111111110101001
1111111111010101
0000000110110011
1111111111001010
1111111011100101
1111111111110111
1111111111100100
1111111101101011
1111111111010011
1111111111011100
1111110111010101
1111111100111111
1111111111111100
1111111111111011
1111111111100001
1111111111001000
0000000001101000
1111111111000000
1111111111111011
0000000101110101
1111111111001101
1111111111100001
0000000001111001
1111111101100111
1111111111111110
0000000000101101
1111111111111101
1111111111001100
0000000000000101
0000000011101001
1111111111110100
1111111111110011
0000000000100110
1111111111101101
0000000000110001
1111111111001100
1111111110001011
0000000000101011
0000000000110010
0000000000100011
1111111111111011
0000000010101101
0000000010110100
0000000001001110
1111111101101110
1111110100100101
1111111111111100
1111111111100111
1111111110100000
1111111110011000
1111111111110001
1111111111010101
1111111111100011
1111111111110110
1111111111010101
0000001001010110
1111111111110100
1111111111001111
1111111101010111
1111111110101111
0000000001000000
0000000011001010
1111111111111110
0000000000100111
0000000000000110
0000000000011110
1111111111100001
1111111110100111
0000000000010100
1111111111010101
0000000000001111
0000000000011000
0000001001011100
0000000110101100
0000000000000110
0000000000100011
0000001000000001
1111111111100100
0000000000011001
1111111110110000
0000000010111111
1111111111001010
1111111111101110
1111110110110111
1111111101100110
1111111111101011
0000000000001101
1111111100010001
1111111111111010
1111111111100000
1111111111011001
1111111111010100
0000000100000100
1111111111110001
1111111111101100
0000000000000010
0000000001000100
1111111111010001
0000000000000100
1111111110000101
1111111110100111
0000000000001010
1111111111110010
0000000000111101
0000000000011010
1111111111101100
1111111111110001
1111111111110000
1111111111011111
0000000000111100
1111111111111100
0000000000001100
0000010010100001
0000000011110101
0000000000101111
1111111111010011
1111111111100111
0000000011100011
1111111110000001
0000000011011010
1111111011001110
0000000110101111
1111111111011010
1111111111100011
1111111111111001
0000000000000111
1111111110011001
0000000000010010
0000000000011101
1111111111110001
0000000101001111
0000000101111011
1111111111010110
1111111111110111
1111111111111100
1111111111010100
1111111110000000
0000000011000000
0000000110111000
1111111111110100
1111111111001011
1111111111010010
0000000011101001
1111111100111101
0000000000100001
1111111111111101
1111111111011010
1111111111100001
1111111111110110
1111111100010110
1111111111001101
1111111111001001
0000000011010111
1111111011010100
1111111111011010
1111111111011001
1111111111111110
0000000000010100
1111111101100011
1111111111111100
1111111110110110
1111111111010100
1111111111111100
0000000101100011
0000000001010000
0000000000101111
0000000001111001
0000000000011011
1111111101011101
1111111111101111
0000000001101001
1111111101101000
1111111111000001
0000000000001110
1111111111110101
1111111101101001
1111110110110110
1111111111000110
1111111111111000
1111111111011001
1111111111011101
0000000000010011
0000000001111010
1111111101100000
1111111111001111
0000000000111110
1111111111111010
1111111110100011
1111111111110100
1111111110110100
1111111111111110
1111111101011101
1111111110100100
0000000000000101
1111111111100101
1111111111100001
1111111111100001
1111111110011001
0000000000010001
1111111111011011
1111111111111100
0000000000010010
1111111110101010
0000000000010100
1111111111111001
0000000001010001
1111111111101111
0000000101000011
1111111111100110
1111111111011101
1111111011110001
1111111110110101
0000000001000111
0000000011001000
1111111111111010
0000000101001100
1111111101010000
1111111111101001
1111111100001000
0000000101010111
1111111111101110
1111111110000101
1111111101010101
0000000000010111
0000000000001011
1111111111001111
1111111111100010
0000000000011000