1111111011010010
1111111111001111
1111111010101101
1111111100011010
1111111111111000
0000000000010001
1111111110101100
0000000000011011
1111111010111100
1111111110101100
0000001000001010
1111111111111010
1111110111101011
1111111111010110
1111110111111111
1111111100000100
1111111111101111
1111111110110110
0000001001111011
1111111111111011
1111111110110001
1111111110110010
1111111110110100
1111111111001000
1111111111111110
1111111100111001
1111111111111110
0000000000110101
1111111111101100
1111111100101111
1111111111001111
0000001011101010
1111111111000101
1111111111101000
0000000100011010
1111111010000011
1111111110101110
1111111111110110
1111111111100111
1111111100111111
0000000010000110
0000001100101010
1111110111011010
0000000000001100
1111111111110101
1111111111001111
1111111110111011
1111111110100000
0000001110010000
0000000010101100
1111111110001011
1111111111001001
0000000000010111
1111111111110010
1111111111011111
1111111111001011
0000000100101010
1111111110101000
1111111111111010
1111111110010101
1111111111001110
1111111000011011
1111111111000000
1111111110111001
1111111111010011
0000000000111111
0000001000010110
0000000011100101
0000000011010111
1111111111111110
1111111111011011
1111110111110110
1111111111011110
0000000100001010
1111111001010011
0000000011101100
1111111110110100
1111111100111101
0000000011010111
1111111111010000
1111111111010100
1111111110110100
0000000000101001
1111111111011000
1111111101010111
0000000010111100
0000000001011001
1111111111010111
1111111111001010
1111111101001011
1111111111010110
1111111111010010
1111111111011101
1111111110101101
0000000000010001
0000000000000011
1111111101111010
1111111111111001
0000000101000100
1111111111111000
1111111111101101
1111111111111101
1111111111101101
1111111010110101
1111111100001000
1111111110100011
1111110101111101
1111111111001100
0000000010001011
1111111101001100
1111111011011001
1111111111100110
1111111101111000
0000000001100001
1111111110110100
0000000000100101
0000001101100010
1111111111100100
1111111111100011
1111111000011101
1111110001111001
1111111110011011
1111111111001100
0000000001101101
1111110010001000
1111111111001110
1111111111110001
1111111101010011
1111111110000110
1111111100100111
1111000111101110
1111111101111110
1111111111001111
1111111110110110
1111111100111001
0000000000000111
1111111111111010
0000000010111101
0000000001001001
0000000010110110
0000000101001010
1111111111110010
1111111111010101
1111111100001000
0000000000101000
0000000100011011
1111111111110110
1111111100101001
1111111111111001
1111111101110100
1111111111101110
1111111111111110
1111111010001100
0000001110000011
1111111110110010
1111111111100000
1111111110000111
0000001110001000
0000001010101011
1111111111010101
1111111111011110
0000000011000111
1111111111100011
1111111010110110
1111111010101010
1111111100111011
1111111111001010
1111111101001001
1111111110001001
0000001000101111
0000001000001001
1111111111011100
1111111111011110
0000000100101101
1111111111100101
0000000000101111
1111111111101001
1111110111010011
1111111111111001
1111110111101100
0000000000101110
0000000001111001
1111111111110110
1111111100001000
0000001000100100
1111111111110001
1111111111101100
1111111110011101
1111111010001101
1111111110000011
1111111111011000
0000001011010001
1111111111110110
0000000000010010
0001000001101011
1111111110000001
1111110010110101
1111111110110101
1111111011100011
1111010111010000
1111111111101000
1111111010010011
1111111011101110
1111111111111011
1111111011010010
0000000010001101
1111111011010010
1111111111100001
1111111111111101
1111111111111101
1111111111000110
1111111111111000
1111111101111110
1111111111000001
1111111111011001
0000000000000011
0000000101010001
0000000000010100
1111111100111101
1111111111001111
1111111110100110
0000000100001110
1111111101101111
1111111101111101
1111111101110001
1111111111100111
1111111101100111
1111111111110011
1111111111101010
1111111111100010
1111110101111011
1111111111100001
1111111110100110
1111111111111001
0000000000100010
1111111111101101
1111111110000110
0000000000111111
0000000010000011
1111111111010010
0000000000011110
0000000101010000
1111111111111011
0000000001001011
1111111110011110
0000001110011001
0000000000000011
1111111110110001
1111111011111000
1111111011000101
1111111110000001
1111111110101001
1111111111110011
0000000001011110
0000000001111010
0000000000010011
1111111111111110
1111111111011000
1111111111011010
0000000000011010
1111111111000111
0000000000101001
1111111111000000
1111111111101001
1111111110111110
1111111011101000
1111111100010100
1111111110100110
1111111100101100
1111111111111101
1111111010111111
1111111110110111
1111111101011111
1111111111110000
0000000000001001
1111111110010111
1111111110110111
1111111111100111
1111111111110101
1111111110111000
0000000011100010
0000000101001110
1111111001101110
1111111110010101
0000000001111000
0000000011100010
1111111101011101
0000000010110001
0000000001000000
1111111110101001
1111111111100001
1111111111100110
0000000000100010
1111111100011100
1111111001110100
1111111110101010
1111110011100110
0000000001011010
1111111111101010
0000000000000111
1111111110011101
1111111111100111
0000000000100110
1111111111100100
1111111111110110
0000000000000011
1111111111110011
1111111110101111
0000000011100100
1111111111101110
1111111111111101
0000000000000101
1111111101101101
0000000010101000
1111111111100001
1111111111110000
1111111110110011
1111111111100110
1111111111001001
1111111111010101
1111111111101001
0000000001001101
1111111111110100
1111111101010101
1111111111100000
1111111110110110
1111111100010111
0000001101110101
1111111111110101
1111111111101101
1111111111110000
0000000000100011
1111111111110110
0000000011000111
1111111001011000
1111111111110101
1111111111100011
1111111111110011
0000100001001101
1111111111110000
1111111110111111
1111111111010101
0000001011110100
0000000000010111
1111111111111101
1111111110010100
0000001001110111
1111111111100011
0000000000111101
0000000100000111
1111110111111010
1111111111101000
1111111111010111
1111111000111101
0000000000011110
1111111111100011
0000010010111001
0000000001110110
0000000110011111
0000000111000110
0000000001110001
1111111111101110
0000000000000111
1111111110000011
1111111111010000
1111111111110101
1111111110111010
1111111111011010
1111111110111000
0000000001001000
1111111111011110
0000001011100000
1111111101100111
0000000001111001
0000000011010000
1111111111110110
1111111111101010
0000000001011000
1111111111000000
1111111110110111
0000000110111011
1111111111000111
0000001100110111
0000001110111011
1111111110110111
0000000000011110
1111111110110101
1111111101000010
0000000001100000
1111111110001000
0000000101010001
1111111111010000
1111111110001010
1111111000111011
1111111111011011
0000000000001001
0000000011110000
0000000010011111
1111111111111110
1111111111110101
0000000100101000
1111110110110011
1111110110111100
1111111100110001
1111111101100001
1111111110110100
1111111111010111
0000000100001011
0000000000001110
0000000001001101
0000000000011100
0000000111101111
1111101100000001
1111111111101011
1111111111111110
0000000001110000
1111111111010101
1111111011001110
1111111111111110
1111111111101000
1111111111010010
0000001011110100
1111111110011000
1111111101100001
1111111110110101
0000001011000000
1111110000101001
1111111110100011
1111111111100001
1111111111111110
0000000010011111
1111111111101001
0000000001011101
0000000010101101
1111111111101110
1111111111111100
0000000010111000
1111111111100011
1111111111111101
0000010010011010
1111111100100101
1111111111100011
0000001000101110
1111111011000110
1111111111011010
0000000011010100
1111111111011010
1111111111100010
1111111111111011
1111111111011111
0000000010011100
0000000100011011
0000000001100010
1111111110101111
0000000010011111
1111111111111001
1111111111101000
1111111110000101
1111111111001100
0000001011110010
1111110100110111
1111111101000111
1111111111111001
1111111011111110
1111111111001110
0000000000000110
1111111101100110
0000010011100001
0000000000110000
0000000001001101
1111111111100010
1111111110101001
1111111110010011
1111111111111011
1111111101010000
0000000000000100
0000000000100101
0000000001111111
1111111101110100
1111111111001110
1111111111100101
1111111111101000
0000000001010110
1111111110001101
1111111111100000
0000001001100010
1111111110011001
1111111010110101
1111111111101001
1111111111001001
0000000000010000
1111111111101101
1111111111001110
0000000000011110
1111111111101100
1111111111111100
0000000001100011
0000000000010011
1111111111001101
1111111111000101
1111111110010101
1111111111100100
1111111001001101
1111111111111100
1111111111110110
0000000001111111
0000000001000000
1111111111000101
1111111111011101
0000000000011100
1111111110110110
1111111111100000
1111111101001101
1111110101110011
0000000001000110
1111111100010100
0000000001000001
0000000110011111
0000001001011100
0000000000100100
0000000101100011
1111111111010011
1111111111111101
1111111101101001
0000000101010110
1111111111110010
1111111111111000
1111111101110111
0000000000001011
1111111111110000
0000001011010101
0000000000000011
1111111111000110
1111111111111010
0000000001011101
0000001111010000
1111111110001111
0000000001000011
1111111111101011
0000000000110011
1111111111011000
1111111110001101
1111111111001001
1111111101111011
0000000000010110
1111111110000000
1111111001010010
0000000001001000
1111111111010100
1111111111001111
0000000000101010
1111111111110010
0000000000001010
1111111100100001
1111111110000101
0000000010010001
0000001001100000
1111111111100000
1111111101111011
1111111011010000
1111111111000010
1111111101000101
1111111111111100
1111111111111010
1111111111101001
0000000011101101
1111111110100010
0000000000010110
0000000001111100
0000000001110000
1111111110111001
1111111110100000
0000000000111001
1111111110111101
0000000000111101
0000000011110000
0000000010010111
1111111111000100
1111111101111010
0000000011100111
1111111010011101
0000000000011010
1111111111100101
0000000001100011
1111111111110100
1111111111101101
0000000100110111
1111111110010010
1111111110011111
1111111111011001
1111111111011001
1111111111111011
1111111111001010
1111110110011111
1111111010011011
1111111111111011
1111111110110001
1111111111001001
1111111111101100
0000010000100101
0000000010101010
0000000000110000
1111111110111110
1111111000011011
1111111110110101
1111111111101110
0000000001000010
0000000010111100
1111111110111100
1111111111100101
1111111111110101
0000000010100101
0000000001010001
0000000000010100
0000010010110001
0000001111010110
1111111111101101
1111111111111110
1111111111110011
1111111101100011
1111111100111110
0000000001110001
1111111101110010
0000000000011100
0000001000100111
1111111111011110
0000000000101010
1111110111010110
0000000000100010
0000000010010110
0000000010110100
1111111110011011
1111111111110110
1111111111010110
1111111111100101
1111111111101011
1111111111101001
1111111111001011
1111111111011111
0000001101110111
1111110111101000
0000000000011111
0000000001000010
1111111111011000
1111111111100110
1111111011000110
1111111101001110
1111111110111000
0000000000000101
1111111111100001
1111111110111110
1111111111110101
1111111001101010
0000000001011000
0000000001000101
0000000000111111
1111111101010101
1111111111111010
1111111111101101
1111111111110111
1111111011111011
0000000001011010
0000000010101111
1111111111110010
0000000011101001
1111111111010111
0000000001000010
0000000011000110
1111111111111000
1111111110000001
1111111110110011
0000010010111001
0000000000111010
1111111111111001
1111111001011000
1111111111101111
0000000111001111
1111111011000101
1111111111100000
0000000010100000
0000000100100010
0000010100101010
1111111111101001