1111111010110101
1111111110110100
0000000111001111
1111111111110111
1111111111010001
0000010010100111
1111111110101101
1111111111110111
1111111111010101
1111111111110001
1111111111101000
1111111000111101
1111111001010101
1111111010100110
0000000001101010
1111111110100111
1111111010100110
1111111100111111
1111111010011010
1111111111011001
1111111111101101
1111111111111101
1111111111110111
1111111110110001
1111111100010010
1111111110100100
0000000000101101
0000000100111010
1111111101001011
1111110001100000
1111111111111001
1111111100000010
0000000111111110
1111111111000101
0000000001000101
1111111111111110
1111111110100111
1111111111110001
1111111111111011
1111111111001001
1111111111001100
1111111111011111
1111111101010001
1111111111101110
1111111111001110
1111111110100100
1111111111011011
1111111101101001
1111111111100010
1111111010001110
1111111110000010
1111111010011110
1111111101001101
1111111111100100
1111111100101111
1111111111101011
1111111001010001
0000000001110100
1111111111110000
1111111110100101
1111111110111111
0000000010111001
0000000000001000
1111111100000010
0000000000001000
1111111101001110
1111111011110111
1111111111011101
1111111111100000
1111111001111011
1111110010010001
1111111110101111
1111110001100100
1111111011010011
1111111100111111
1111111110111111
1111111101001110
1111111111101111
1111111111101100
1111111111101101
1111111110001100
1111111111011101
1111111101100000
1111111110101000
1111111111000000
0000000011110011
0000000100001110
1111111111010111
1111111111111101
1111111111010001
1111111111011101
0000000100101001
0000000100010011
1111100111100110
0011000000001010
0000001100011111
1111111111100100
0000000000000110
1111111111001110
1111111111010111
0001001101101001
1111111110011110
1111111011000101
0000000011011010
1111111100111101
1111111110100111
1111111101111100
1111111111110100
0000000000001111
1111111110011101
0000000100110000
1111111111001110
1111111111101111
1111111111101001
1111111111110110
0000000001001101
1111111110111100
1111111010010100
1111111111111011
1111110101100001
1111111110101010
1111101000000011
1111111011111000
0000000010111000
1111111111010010
1111111111111011
1111111101001100
1111111111110010
1111111111111100
1111110001111111
1111111111101011
1111111111010110
1111111101111010
1111111100001100
1111111111111100
1111111101100100
1111111111000101
1111111001111010
1111111111100110
1111111111001011
1111111100111100
1111111111011101
0000010011101010
1111111011011010
0000000010110011
0000010101000111
0000000000010110
1111111001010101
1111111111101010
1111111101000001
1111111011110111
0000000001010000
1111111111110001
1111111111110010
0000000100011000
1111111101111110
0000000000111011
1111111110100011
1111111101111101
0000000000110001
1111111111111010
1111111111110111
1111111001011110
1111111111001000
1111111111010111
1111111110110011
0000000011000011
0000001010101001
1111111100010101
1111111111110110
1111111111011001
1111111001101101
1111111111111000
1111111110100011
1111111111110011
1111111110100000
1111111011000001
1111111111100100
1111111011011000
0000000111111011
1111111111010110
1111111101111100
1111111111110010
1111111111110100
1111111111010010
1111111110100010
1111111110111010
1111111000000111
1111111110110101
1111111111111001
1111110110010011
1111111101111010
1111111100100100
1111111111101100
1111111110111100
1111111111001100
0000000000001010
1111111111011110
1111111111110001
1111111110100101
1111111111001011
1111111111011101
1111111101001110
1111111111111110
1111111111010100
1111101111000111
1111111100010100
1111111111111000
1111111111101010
1111111110000001
1111111111110100
1111111111001011
1111111100110100
0000000010011000
1111111001110011
1111111101111010
1111111111100010
0000000010111001
1111111111110100
0000000001111001
1111111101110001
0000000001110110
1111111110101000
1111111111111011
1111111100100011
0000000010100100
0000000011110101
1111111111011100
1111111101100010
0000000110001110
1111111110111000
1111111111100001
1111111111110000
1111111111111000
1111111010011101
1111111111010011
1111111101001010
1111111111111101
1111110010011001
1111111110011110
1111111111110001
0000000010101001
1111111100100010
1111111111111000
1111111111101101
1111111111101110
1111111111101100
0001000110100100
1111111011100111
1111111110111111
1111111111110010
0000000010110100
1111111111101101
1111111111001100
1111110110011100
1111110111110001
1111111111011111
1111111111001010
1111111110100010
1111111111010100
1111111011110111
0000000001000010
1111111100010001
1111111111111011
1111111111110110
1111111111010000
1111111011111111